1
256
6561
65536
390625
1679616
5764801
16777216
43046721
100000000
214358881
429981696
815730721
1475789056
2562890625
4294967296
6975757441
11019960576
16983563041
25600000000
37822859361
54875873536
78310985281
110075314176
152587890625
208827064576
282429536481
377801998336
500246412961
656100000000
852891037441
1099511627776
1406408618241
1785793904896
2251875390625
2821109907456
3512479453921
4347792138496
5352009260481
6553600000000
7984925229121
9682651996416
11688200277601
14048223625216
16815125390625
20047612231936
23811286661761
28179280429056
33232930569601
39062500000000
45767944570401
53459728531456
62259690411361
72301961339136
83733937890625
96717311574016
111429157112001
128063081718016
146830437604321
167961600000000
191707312997281
218340105584896
248155780267521
281474976710656
318644812890625
360040606269696
406067677556641
457163239653376
513798374428641
576480100000000
645753531245761
722204136308736
806460091894081
899194740203776
1,00112915039063E+15
1,11303478745498E+15
1,23573629154768E+15
1,37011437068314E+15
1,51710880990656E+15
1,6777216E+15
1,85302018885184E+15
2,04414085865498E+15
2,25229223213904E+15
2,4787589110825E+15
2,72490525039063E+15
2,99217927106586E+15
3,28211671543712E+15
3,5963452480553E+15
3,93658880570208E+15
4,3046721E+15
4,70252527615152E+15
5,13218873137562E+15
5,5958180966504E+15
6,09568938541082E+15
6,63420431289063E+15
7,21389578983834E+15
7,83743359437696E+15
8,50763022581786E+15
9,2274469442792E+15
1E+16
